1	2025.12.10 13:15	buy	1	0.02	4195.79	0.00	0.00	0.00	3000.00
2	2025.12.10 15:45	buy	2	0.02	4202.99	0.00	0.00	0.00	3000.00
3	2025.12.10 15:45	close	2	0.02	4202.42	0.00	0.00	-1.14	2998.86
4	2025.12.10 15:45	close	1	0.02	4202.42	0.00	0.00	13.26	3012.12
5	2025.12.10 21:10	buy	3	0.02	4216.48	0.00	0.00	0.00	3012.12
6	2025.12.10 22:00	buy	4	0.02	4216.78	0.00	0.00	0.00	3012.12
7	2025.12.11 02:18	close	4	0.02	4240.56	0.00	0.00	41.96	3054.08
8	2025.12.11 02:18	close	3	0.02	4240.56	0.00	0.00	42.56	3096.63
9	2025.12.11 11:45	buy	5	0.02	4218.23	0.00	0.00	0.00	3096.63
10	2025.12.11 14:25	buy	6	0.02	4217.84	0.00	0.00	0.00	3096.63
11	2025.12.11 15:45	buy	7	0.04	4219.86	0.00	0.00	0.00	3096.63
12	2025.12.11 15:45	close	7	0.04	4219.29	0.00	0.00	-2.28	3094.35
13	2025.12.11 15:45	close	6	0.02	4219.29	0.00	0.00	2.90	3097.25
14	2025.12.11 15:45	close	5	0.02	4219.29	0.00	0.00	2.12	3099.37
15	2025.12.12 15:10	buy	8	0.02	4335.66	0.00	0.00	0.00	3099.37
16	2025.12.12 16:50	buy	9	0.02	4342.62	0.00	0.00	0.00	3099.37
17	2025.12.12 16:50	close	9	0.02	4342.05	0.00	0.00	-1.14	3098.23
18	2025.12.12 16:50	close	8	0.02	4342.05	0.00	0.00	12.78	3111.01
19	2025.12.15 10:26	buy	10	0.02	4344.44	0.00	0.00	0.00	3111.01
20	2025.12.15 13:55	buy	11	0.02	4343.02	0.00	0.00	0.00	3111.01
21	2025.12.18 18:19	close	11	0.02	4369.49	0.00	0.00	43.60	3154.61
22	2025.12.18 18:19	close	10	0.02	4369.49	0.00	0.00	40.76	3195.38
23	2025.12.22 11:25	buy	12	0.02	4414.18	0.00	0.00	0.00	3195.38
24	2025.12.22 14:00	buy	13	0.02	4410.70	0.00	0.00	0.00	3195.38
25	2025.12.22 14:50	buy	14	0.04	4413.01	0.00	0.00	0.00	3195.38
26	2025.12.22 15:16	close	14	0.04	4425.40	0.00	0.00	49.56	3244.94
27	2025.12.22 15:16	close	13	0.02	4425.40	0.00	0.00	29.40	3274.34
28	2025.12.22 15:16	close	12	0.02	4425.40	0.00	0.00	22.44	3296.78
29	2025.12.22 22:05	buy	15	0.02	4436.97	0.00	0.00	0.00	3296.78
30	2025.12.23 03:17	close	15	0.02	4479.04	0.00	0.00	82.27	3379.05
31	2025.12.23 09:00	buy	16	0.02	4481.97	0.00	0.00	0.00	3379.05
32	2025.12.23 12:30	buy	17	0.02	4486.14	0.00	0.00	0.00	3379.05
33	2025.12.23 12:30	close	17	0.02	4485.57	0.00	0.00	-1.14	3377.91
34	2025.12.23 12:30	close	16	0.02	4485.57	0.00	0.00	7.20	3385.11
35	2025.12.23 15:05	buy	18	0.02	4493.45	0.00	0.00	0.00	3385.11
36	2025.12.23 18:00	buy	19	0.02	4458.77	0.00	0.00	0.00	3385.11
37	2025.12.24 01:40	close	19	0.02	4503.73	0.00	0.00	88.05	3473.16
38	2025.12.24 01:40	close	18	0.02	4503.73	0.00	0.00	18.69	3491.85
39	2025.12.24 18:35	buy	20	0.02	4472.08	0.00	0.00	0.00	3491.85
40	2025.12.26 10:15	buy	21	0.02	4515.47	0.00	0.00	0.00	3491.85
41	2025.12.26 10:15	close	21	0.02	4514.90	0.00	0.00	-1.14	3490.71
42	2025.12.26 10:15	close	20	0.02	4514.90	0.00	0.00	78.17	3568.88
43	2025.12.26 12:17	buy	22	0.02	4520.78	0.00	0.00	0.00	3568.88
44	2025.12.26 14:30	buy	23	0.02	4512.30	0.00	0.00	0.00	3568.88
45	2025.12.26 17:10	buy	24	0.04	4528.66	0.00	0.00	0.00	3568.88
46	2025.12.26 17:10	close	24	0.04	4528.09	0.00	0.00	-2.28	3566.60
47	2025.12.26 17:10	close	23	0.02	4528.09	0.00	0.00	31.58	3598.18
48	2025.12.26 17:10	close	22	0.02	4528.09	0.00	0.00	14.62	3612.80
49	2025.12.26 20:45	buy	25	0.02	4529.93	0.00	0.00	0.00	3612.80
50	2025.12.26 22:15	buy	26	0.02	4533.27	0.00	0.00	0.00	3612.80
51	2025.12.26 22:15	close	26	0.02	4532.70	0.00	0.00	-1.14	3611.66
52	2025.12.26 22:15	close	25	0.02	4532.70	0.00	0.00	5.54	3617.20
53	2025.12.29 10:10	buy	27	0.02	4478.73	0.00	0.00	0.00	3617.20
54	2025.12.29 12:00	buy	28	0.02	4472.45	0.00	0.00	0.00	3617.20
55	2026.01.06 18:30	buy	29	0.04	4484.04	0.00	0.00	0.00	3617.20
56	2026.01.06 18:30	close	29	0.04	4483.47	0.00	0.00	-2.28	3614.92
57	2026.01.06 18:30	close	28	0.02	4483.47	0.00	0.00	7.10	3622.02
58	2026.01.06 18:30	close	27	0.02	4483.47	0.00	0.00	-5.46	3616.56
59	2026.01.07 09:35	buy	30	0.02	4455.87	0.00	0.00	0.00	3616.56
60	2026.01.07 12:45	buy	31	0.02	4466.32	0.00	0.00	0.00	3616.56
61	2026.01.07 12:45	close	31	0.02	4465.75	0.00	0.00	-1.14	3615.42
62	2026.01.07 12:45	close	30	0.02	4465.75	0.00	0.00	19.76	3635.18
63	2026.01.08 11:00	buy	32	0.02	4431.84	0.00	0.00	0.00	3635.18
64	2026.01.08 12:40	buy	33	0.02	4432.70	0.00	0.00	0.00	3635.18
65	2026.01.08 17:52	close	33	0.02	4452.68	0.00	0.00	39.96	3675.14
66	2026.01.08 17:52	close	32	0.02	4452.68	0.00	0.00	41.68	3716.82
67	2026.01.09 11:15	buy	34	0.02	4475.18	0.00	0.00	0.00	3716.82
68	2026.01.09 13:00	buy	35	0.02	4473.04	0.00	0.00	0.00	3716.82
69	2026.01.09 15:35	buy	36	0.04	4487.33	0.00	0.00	0.00	3716.82
70	2026.01.09 15:35	close	36	0.04	4486.76	0.00	0.00	-2.28	3714.54
71	2026.01.09 15:35	close	35	0.02	4486.76	0.00	0.00	27.44	3741.98
72	2026.01.09 15:35	close	34	0.02	4486.76	0.00	0.00	23.16	3765.14
73	2026.01.09 20:40	buy	37	0.02	4504.24	0.00	0.00	0.00	3765.14
74	2026.01.12 02:23	close	37	0.02	4557.11	0.00	0.00	103.87	3869.01
75	2026.01.12 13:00	buy	38	0.02	4594.62	0.00	0.00	0.00	3869.01
76	2026.01.12 14:55	buy	39	0.02	4589.25	0.00	0.00	0.00	3869.01
77	2026.01.12 15:58	close	39	0.02	4616.38	0.00	0.00	54.26	3923.27
78	2026.01.12 15:58	close	38	0.02	4616.38	0.00	0.00	43.52	3966.79
79	2026.01.12 21:25	buy	40	0.02	4615.14	0.00	0.00	0.00	3966.79
80	2026.01.13 10:05	buy	41	0.02	4585.50	0.00	0.00	0.00	3966.79
81	2026.01.13 16:51	close	41	0.02	4630.66	0.00	0.00	90.32	4057.11
82	2026.01.13 16:51	close	40	0.02	4630.66	0.00	0.00	29.17	4086.28
83	2026.01.14 10:50	buy	42	0.02	4635.81	0.00	0.00	0.00	4086.28
84	2026.01.14 12:40	buy	43	0.02	4636.86	0.00	0.00	0.00	4086.28
85	2026.01.14 14:10	buy	44	0.04	4637.55	0.00	0.00	0.00	4086.28
86	2026.01.19 01:08	close	44	0.04	4660.34	0.00	0.00	72.48	4158.76
87	2026.01.19 01:08	close	43	0.02	4660.34	0.00	0.00	37.62	4196.38
88	2026.01.19 01:08	close	42	0.02	4660.34	0.00	0.00	39.72	4236.10
89	2026.01.19 19:40	buy	45	0.02	4673.29	0.00	0.00	0.00	4236.10
90	2026.01.20 09:58	close	45	0.02	4715.15	0.00	0.00	81.85	4317.96
91	2026.01.20 21:20	buy	46	0.02	4766.21	0.00	0.00	0.00	4317.96
92	2026.01.21 03:31	close	46	0.02	4829.09	0.00	0.00	123.89	4441.85
93	2026.01.21 22:55	buy	47	0.02	4824.44	0.00	0.00	0.00	4441.85
94	2026.01.22 11:10	buy	48	0.02	4833.27	0.00	0.00	0.00	4441.85
95	2026.01.22 11:10	close	48	0.02	4832.70	0.00	0.00	-1.14	4440.71
96	2026.01.22 11:10	close	47	0.02	4832.70	0.00	0.00	10.92	4451.63
97	2026.01.22 12:47	buy	49	0.02	4829.35	0.00	0.00	0.00	4451.63
98	2026.01.22 15:20	buy	50	0.02	4831.87	0.00	0.00	0.00	4451.63
99	2026.01.22 15:20	close	50	0.02	4831.30	0.00	0.00	-1.14	4450.49
100	2026.01.22 15:20	close	49	0.02	4831.30	0.00	0.00	3.90	4454.39
101	2026.01.22 16:30	buy	51	0.02	4830.05	0.00	0.00	0.00	4454.39
102	2026.01.22 18:57	close	51	0.02	4877.56	0.00	0.00	95.02	4549.41
103	2026.01.22 22:05	buy	52	0.03	4922.06	0.00	0.00	0.00	4549.41
104	2026.01.23 01:11	close	52	0.03	4954.60	0.00	0.00	94.82	4644.22
105	2026.01.23 11:55	buy	53	0.03	4920.02	0.00	0.00	0.00	4644.22
106	2026.01.23 14:05	buy	54	0.03	4930.98	0.00	0.00	0.00	4644.22
107	2026.01.23 14:05	close	54	0.03	4930.41	0.00	0.00	-1.71	4642.51
108	2026.01.23 14:05	close	53	0.03	4930.41	0.00	0.00	31.17	4673.68
109	2026.01.23 21:45	buy	55	0.03	4979.08	0.00	0.00	0.00	4673.68
110	2026.01.26 01:04	close	55	0.03	5022.26	0.00	0.00	126.74	4800.42
111	2026.01.26 19:05	buy	56	0.03	5095.74	0.00	0.00	0.00	4800.42
112	2026.01.26 22:30	buy	57	0.03	5056.85	0.00	0.00	0.00	4800.42
113	2026.01.27 08:49	close	57	0.03	5090.77	0.00	0.00	98.96	4899.38
114	2026.01.27 08:49	close	56	0.03	5090.77	0.00	0.00	-17.71	4881.67
115	2026.01.27 11:25	buy	58	0.03	5085.81	0.00	0.00	0.00	4881.67
116	2026.01.27 14:35	buy	59	0.03	5087.57	0.00	0.00	0.00	4881.67
117	2026.01.27 14:35	close	59	0.03	5087.00	0.00	0.00	-1.71	4879.96
118	2026.01.27 14:35	close	58	0.03	5087.00	0.00	0.00	3.57	4883.53
119	2026.01.27 16:45	buy	60	0.03	5079.60	0.00	0.00	0.00	4883.53
120	2026.01.27 17:25	buy	61	0.03	5076.01	0.00	0.00	0.00	4883.53
121	2026.01.27 18:14	close	61	0.03	5095.92	0.00	0.00	59.73	4943.26
122	2026.01.27 18:14	close	60	0.03	5095.92	0.00	0.00	48.96	4992.22
123	2026.01.28 18:10	buy	62	0.03	5284.19	0.00	0.00	0.00	4992.22
124	2026.01.28 20:24	close	62	0.03	5320.50	0.00	0.00	108.93	5101.15
125	2026.01.28 21:50	buy	63	0.03	5316.39	0.00	0.00	0.00	5101.15
126	2026.01.28 22:29	close	63	0.03	5350.66	0.00	0.00	102.81	5203.96
127	2026.01.29 11:45	buy	64	0.03	5525.20	0.00	0.00	0.00	5203.96
128	2026.01.29 13:25	buy	65	0.03	5512.51	0.00	0.00	0.00	5203.96
129	2026.01.29 14:13	close	65	0.03	5536.33	0.00	0.00	71.46	5275.42
130	2026.01.29 14:13	close	64	0.03	5536.33	0.00	0.00	33.39	5308.81
131	2026.01.29 18:50	buy	66	0.03	5274.18	0.00	0.00	0.00	5308.81
132	2026.01.29 19:18	close	66	0.03	5334.04	0.00	0.00	179.58	5488.39
133	2026.01.29 22:35	buy	67	0.03	5323.15	0.00	0.00	0.00	5488.39
134	2026.01.29 22:44	close	67	0.03	5352.84	0.00	0.00	89.07	5577.46
135	2026.02.09 10:25	buy	68	0.03	5026.55	0.00	0.00	0.00	5577.46
136	2026.02.09 13:45	buy	69	0.03	5008.95	0.00	0.00	0.00	5577.46
137	2026.02.09 16:26	buy	70	0.06	5018.33	0.00	0.00	0.00	5577.46
138	2026.02.09 16:32	close	70	0.06	5028.49	0.00	0.00	60.96	5638.42
139	2026.02.09 16:32	close	69	0.03	5028.49	0.00	0.00	58.62	5697.04
140	2026.02.09 16:32	close	68	0.03	5028.49	0.00	0.00	5.82	5702.86
141	2026.02.10 21:30	buy	71	0.03	5021.49	0.00	0.00	0.00	5702.86
142	2026.02.11 04:02	close	71	0.03	5051.73	0.00	0.00	87.92	5790.78
143	2026.02.11 21:15	buy	72	0.03	5089.54	0.00	0.00	0.00	5790.78
144	2026.02.11 22:55	buy	73	0.03	5089.67	0.00	0.00	0.00	5790.78
145	2026.02.23 01:03	close	73	0.03	5117.92	0.00	0.00	51.13	5841.91
146	2026.02.23 01:03	close	72	0.03	5117.92	0.00	0.00	51.52	5893.43
147	2026.02.23 10:55	buy	74	0.03	5138.32	0.00	0.00	0.00	5893.43
148	2026.02.23 14:40	buy	75	0.03	5158.59	0.00	0.00	0.00	5893.43
149	2026.02.23 14:40	close	75	0.03	5158.02	0.00	0.00	-1.71	5891.72
150	2026.02.23 14:40	close	74	0.03	5158.02	0.00	0.00	59.10	5950.82
151	2026.02.23 16:20	buy	76	0.03	5160.22	0.00	0.00	0.00	5950.82
152	2026.02.23 16:50	close	76	0.03	5194.05	0.00	0.00	101.49	6052.31
153	2026.02.23 18:15	buy	77	0.04	5202.93	0.00	0.00	0.00	6052.31
154	2026.02.23 20:10	buy	78	0.04	5214.75	0.00	0.00	0.00	6052.31
155	2026.02.23 20:10	close	78	0.04	5214.18	0.00	0.00	-2.28	6050.03
156	2026.02.23 20:10	close	77	0.04	5214.18	0.00	0.00	45.00	6095.03
157	2026.02.24 09:20	buy	79	0.04	5179.33	0.00	0.00	0.00	6095.03
158	2026.02.24 10:35	buy	80	0.04	5181.05	0.00	0.00	0.00	6095.03
159	2026.02.24 10:35	close	80	0.04	5180.48	0.00	0.00	-2.28	6092.75
160	2026.02.24 10:35	close	79	0.04	5180.48	0.00	0.00	4.60	6097.35
161	2026.02.24 12:25	buy	81	0.04	5180.90	0.00	0.00	0.00	6097.35
162	2026.02.24 13:45	buy	82	0.04	5178.50	0.00	0.00	0.00	6097.35
163	2026.02.25 07:52	close	82	0.04	5206.71	0.00	0.00	109.10	6206.45
164	2026.02.25 07:52	close	81	0.04	5206.71	0.00	0.00	99.50	6305.95
165	2026.02.25 10:20	buy	83	0.04	5192.81	0.00	0.00	0.00	6305.95
166	2026.02.25 12:00	buy	84	0.04	5193.80	0.00	0.00	0.00	6305.95
167	2026.02.25 19:17	close	84	0.04	5213.70	0.00	0.00	79.60	6385.55
168	2026.02.25 19:17	close	83	0.04	5213.70	0.00	0.00	83.56	6469.11
169	2026.02.25 21:15	buy	85	0.04	5207.47	0.00	0.00	0.00	6469.11
170	2026.02.26 11:50	buy	86	0.04	5184.95	0.00	0.00	0.00	6469.11
171	2026.02.27 15:24	close	86	0.04	5233.20	0.00	0.00	189.26	6658.38
172	2026.02.27 15:24	close	85	0.04	5233.20	0.00	0.00	87.98	6746.36
173	2026.03.02 12:45	buy	87	0.04	5400.84	0.00	0.00	0.00	6746.36
174	2026.03.02 14:25	buy	88	0.04	5394.86	0.00	0.00	0.00	6746.36
175	2026.03.02 15:25	buy	89	0.08	5406.07	0.00	0.00	0.00	6746.36
176	2026.03.02 15:25	close	89	0.08	5405.50	0.00	0.00	-4.56	6741.80
177	2026.03.02 15:25	close	88	0.04	5405.50	0.00	0.00	42.56	6784.36
178	2026.03.02 15:25	close	87	0.04	5405.50	0.00	0.00	18.64	6803.00
179	2026.03.03 09:20	buy	90	0.04	5317.58	0.00	0.00	0.00	6803.00
180	2026.03.03 14:35	buy	91	0.04	5200.01	0.00	0.00	0.00	6803.00
181	2026.03.13 21:47	close	91	0.04	5014.81	0.00	0.00	-785.63	6017.37
182	2026.03.13 21:47	close	90	0.04	5014.81	0.00	0.00	-1255.91	4761.46
183	2026.03.16 12:30	buy	92	0.03	4987.12	0.00	0.00	0.00	4761.46
184	2026.03.16 13:29	close	92	0.03	5017.38	0.00	0.00	90.78	4852.24
185	2026.03.17 09:32	buy	93	0.03	5021.38	0.00	0.00	0.00	4852.24
186	2026.03.17 13:30	buy	94	0.03	5007.41	0.00	0.00	0.00	4852.24
187	2026.03.17 15:44	close	94	0.03	5028.79	0.00	0.00	64.14	4916.38
188	2026.03.17 15:44	close	93	0.03	5028.79	0.00	0.00	22.23	4938.61
189	2026.03.18 11:30	buy	95	0.03	4992.76	0.00	0.00	0.00	4938.61
190	2026.03.18 16:45	sell	96	0.03	4860.96	0.00	0.00	0.00	4938.61
191	2026.03.18 20:10	sell	97	0.03	4883.14	0.00	0.00	0.00	4938.61
192	2026.03.19 10:05	close	95	0.03	4720.04	0.00	0.00	-826.57	4112.05
193	2026.03.19 10:05	close	97	0.03	4720.61	0.00	0.00	488.56	4600.60
194	2026.03.19 10:05	close	96	0.03	4720.61	0.00	0.00	422.02	5022.62
195	2026.03.20 10:50	sell	98	0.03	4695.74	0.00	0.00	0.00	5022.62
196	2026.03.20 11:55	close	98	0.03	4668.33	0.00	0.00	82.23	5104.85
197	2026.03.23 11:45	sell	99	0.03	4225.36	0.00	0.00	0.00	5104.85
198	2026.03.23 17:20	sell	100	0.03	4440.69	0.00	0.00	0.00	5104.85
199	2026.03.24 03:47	close	100	0.03	4311.12	0.00	0.00	389.03	5493.88
200	2026.03.24 03:47	close	99	0.03	4311.12	0.00	0.00	-256.96	5236.92
201	2026.03.25 09:45	sell	101	0.03	4546.75	0.00	0.00	0.00	5236.92
202	2026.03.25 11:45	sell	102	0.03	4550.47	0.00	0.00	0.00	5236.92
203	2026.03.25 11:48	close	102	0.03	4530.82	0.00	0.00	58.95	5295.87
204	2026.03.25 11:48	close	101	0.03	4530.82	0.00	0.00	47.79	5343.66
205	2026.03.25 14:20	sell	103	0.03	4563.01	0.00	0.00	0.00	5343.66
206	2026.03.25 14:31	close	103	0.03	4527.20	0.00	0.00	107.43	5451.09
207	2026.03.25 16:00	sell	104	0.03	4544.74	0.00	0.00	0.00	5451.09
208	2026.03.25 19:10	sell	105	0.03	4545.62	0.00	0.00	0.00	5451.09
209	2026.03.25 21:08	close	105	0.03	4530.75	0.00	0.00	44.61	5495.70
210	2026.03.25 21:08	close	104	0.03	4530.75	0.00	0.00	41.97	5537.67
211	2026.03.25 22:40	sell	106	0.03	4501.53	0.00	0.00	0.00	5537.67
212	2026.03.26 07:47	close	106	0.03	4473.62	0.00	0.00	84.70	5622.37
213	2026.03.26 13:50	sell	107	0.03	4422.39	0.00	0.00	0.00	5622.37
214	2026.03.26 17:35	sell	108	0.03	4442.81	0.00	0.00	0.00	5622.37
215	2026.03.26 18:21	close	108	0.03	4403.66	0.00	0.00	117.45	5739.82
216	2026.03.26 18:21	close	107	0.03	4403.66	0.00	0.00	56.19	5796.01
217	2026.03.27 09:05	sell	109	0.03	4451.34	0.00	0.00	0.00	5796.01
218	2026.03.27 12:49	close	109	0.03	4416.91	0.00	0.00	103.29	5899.30
219	2026.03.27 18:35	sell	110	0.03	4518.04	0.00	0.00	0.00	5899.30
220	2026.03.27 22:25	sell	111	0.03	4506.58	0.00	0.00	0.00	5899.30
221	2026.03.27 22:25	close	111	0.03	4507.15	0.00	0.00	-1.71	5897.59
222	2026.03.27 22:25	close	110	0.03	4507.15	0.00	0.00	32.67	5930.26
223	2026.03.30 10:30	sell	112	0.03	4522.81	0.00	0.00	0.00	5930.26
224	2026.03.30 12:30	sell	113	0.03	4527.46	0.00	0.00	0.00	5930.26
225	2026.03.30 21:58	close	113	0.03	4503.61	0.00	0.00	71.55	6001.81
226	2026.03.30 21:58	close	112	0.03	4503.61	0.00	0.00	57.60	6059.41
227	2026.03.31 09:20	sell	114	0.04	4554.78	0.00	0.00	0.00	6059.41
228	2026.03.31 12:30	sell	115	0.04	4561.93	0.00	0.00	0.00	6059.41
229	2026.03.31 13:40	close	115	0.04	4533.69	0.00	0.00	112.96	6172.37
230	2026.03.31 13:40	close	114	0.04	4533.69	0.00	0.00	84.36	6256.73
231	2026.04.01 12:20	sell	116	0.04	4716.88	0.00	0.00	0.00	6256.73
232	2026.04.01 15:25	sell	117	0.04	4732.47	0.00	0.00	0.00	6256.73
233	2026.04.02 04:25	close	117	0.04	4700.16	0.00	0.00	130.53	6387.26
234	2026.04.02 04:25	close	116	0.04	4700.16	0.00	0.00	68.17	6455.43
235	2026.04.02 18:45	sell	118	0.04	4666.14	0.00	0.00	0.00	6455.43
236	2026.04.02 20:50	sell	119	0.04	4647.64	0.00	0.00	0.00	6455.43
237	2026.04.02 20:50	close	119	0.04	4648.21	0.00	0.00	-2.28	6453.15
238	2026.04.02 20:50	close	118	0.04	4648.21	0.00	0.00	71.72	6524.87
239	2026.04.06 09:00	sell	120	0.04	4652.52	0.00	0.00	0.00	6524.87
240	2026.04.06 10:20	sell	121	0.04	4649.30	0.00	0.00	0.00	6524.87
241	2026.04.06 10:20	close	121	0.04	4649.87	0.00	0.00	-2.28	6522.59
242	2026.04.06 10:20	close	120	0.04	4649.87	0.00	0.00	10.60	6533.19
243	2026.04.06 12:55	sell	122	0.04	4693.68	0.00	0.00	0.00	6533.19
244	2026.04.06 18:10	sell	123	0.04	4667.28	0.00	0.00	0.00	6533.19
245	2026.04.06 18:10	close	123	0.04	4667.85	0.00	0.00	-2.28	6530.91
246	2026.04.06 18:10	close	122	0.04	4667.85	0.00	0.00	103.32	6634.23
247	2026.04.06 21:40	sell	124	0.04	4649.49	0.00	0.00	0.00	6634.23
248	2026.04.07 10:30	sell	125	0.04	4639.42	0.00	0.00	0.00	6634.23
249	2026.04.07 10:30	close	125	0.04	4639.99	0.00	0.00	-2.28	6631.95
250	2026.04.07 10:30	close	124	0.04	4639.99	0.00	0.00	38.43	6670.38
251	2026.04.07 12:45	sell	126	0.04	4666.91	0.00	0.00	0.00	6670.38
252	2026.04.07 15:50	sell	127	0.04	4648.83	0.00	0.00	0.00	6670.38
253	2026.04.07 15:50	close	127	0.04	4649.40	0.00	0.00	-2.28	6668.10
254	2026.04.07 15:50	close	126	0.04	4649.40	0.00	0.00	70.04	6738.14
255	2026.04.07 20:20	sell	128	0.04	4656.37	0.00	0.00	0.00	6738.14
256	2026.04.07 21:55	sell	129	0.04	4664.77	0.00	0.00	0.00	6738.14
257	2026.04.08 11:20	buy	130	0.04	4819.47	0.00	0.00	0.00	6738.14
258	2026.04.08 14:10	buy	131	0.04	4790.95	0.00	0.00	0.00	6738.14
259	2026.04.08 15:25	sell	132	0.08	4769.37	0.00	0.00	0.00	6738.14
260	2026.04.08 15:50	buy	133	0.08	4797.80	0.00	0.00	0.00	6738.14
261	2026.04.08 16:40	sell	134	0.12	4777.28	0.00	0.00	0.00	6738.14
262	2026.04.08 20:25	sell	135	0.20	4748.41	0.00	0.00	0.00	6738.14
263	2026.04.08 21:43	close	133	0.08	4708.99	0.00	0.00	-710.48	6027.66
264	2026.04.08 21:43	close	131	0.04	4708.99	0.00	0.00	-327.84	5699.82
265	2026.04.08 21:43	close	130	0.04	4708.99	0.00	0.00	-441.92	5257.90
266	2026.04.08 21:43	close	135	0.20	4709.56	0.00	0.00	777.00	6034.90
267	2026.04.08 21:43	close	134	0.12	4709.56	0.00	0.00	812.64	6847.54
268	2026.04.08 21:43	close	132	0.08	4709.56	0.00	0.00	478.48	7326.02
269	2026.04.08 21:43	close	129	0.04	4709.56	0.00	0.00	-178.73	7147.29
270	2026.04.08 21:43	close	128	0.04	4709.56	0.00	0.00	-212.33	6934.96
271	2026.04.09 15:15	sell	136	0.04	4742.34	0.00	0.00	0.00	6934.96
272	2026.04.09 17:35	sell	137	0.04	4755.79	0.00	0.00	0.00	6934.96
273	2026.04.09 18:19	buy	138	0.04	4783.60	0.00	0.00	0.00	6934.96
274	2026.04.09 21:08	sell	139	0.08	4782.98	0.00	0.00	0.00	6934.96
275	2026.04.10 05:23	close	138	0.04	4744.73	0.00	0.00	-159.22	6775.74
276	2026.04.10 05:23	close	139	0.08	4745.30	0.00	0.00	302.30	7078.04
277	2026.04.10 05:23	close	137	0.04	4745.30	0.00	0.00	42.39	7120.43
278	2026.04.10 05:23	close	136	0.04	4745.30	0.00	0.00	-11.41	7109.02
279	2026.04.13 14:40	sell	140	0.04	4710.19	0.00	0.00	0.00	7109.02
280	2026.04.13 17:20	sell	141	0.04	4718.30	0.00	0.00	0.00	7109.02
281	2026.04.14 13:20	buy	142	0.04	4787.45	0.00	0.00	0.00	7109.02
282	2026.04.14 15:15	sell	143	0.08	4769.74	0.00	0.00	0.00	7109.02
283	2026.04.14 18:40	buy	144	0.04	4812.12	0.00	0.00	0.00	7109.02
284	2026.04.14 18:40	close	144	0.04	4811.55	0.00	0.00	-2.28	7106.74
285	2026.04.14 18:40	close	142	0.04	4811.55	0.00	0.00	96.40	7203.14
286	2026.04.15 11:55	buy	145	0.04	4814.93	0.00	0.00	0.00	7203.14
287	2026.04.15 13:50	buy	146	0.04	4801.36	0.00	0.00	0.00	7203.14
288	2026.04.15 19:30	buy	147	0.08	4811.80	0.00	0.00	0.00	7203.14
289	2026.04.15 19:30	close	147	0.08	4811.23	0.00	0.00	-4.56	7198.58
290	2026.04.15 19:30	close	146	0.04	4811.23	0.00	0.00	39.48	7238.06
291	2026.04.15 19:30	close	145	0.04	4811.23	0.00	0.00	-14.80	7223.26
292	2026.04.15 22:00	buy	148	0.04	4800.06	0.00	0.00	0.00	7223.26
293	2026.04.16 10:05	buy	149	0.04	4829.34	0.00	0.00	0.00	7223.26
294	2026.04.16 10:05	close	149	0.04	4828.77	0.00	0.00	-2.28	7220.98
295	2026.04.16 10:05	close	148	0.04	4828.77	0.00	0.00	103.63	7324.61
296	2026.04.16 14:00	buy	150	0.04	4817.64	0.00	0.00	0.00	7324.61
297	2026.04.16 18:10	buy	151	0.04	4808.82	0.00	0.00	0.00	7324.61
298	2026.04.16 22:05	buy	152	0.08	4793.05	0.00	0.00	0.00	7324.61
299	2026.04.17 10:30	buy	153	0.12	4792.08	0.00	0.00	0.00	7324.61
300	2026.04.17 10:50	sell	154	0.12	4779.96	0.00	0.00	0.00	7324.61
301	2026.04.17 11:45	buy	155	0.20	4797.30	0.00	0.00	0.00	7324.61
302	2026.04.17 16:10	close	155	0.20	4863.06	0.00	0.00	1315.20	8639.81
303	2026.04.17 16:10	close	153	0.12	4863.06	0.00	0.00	851.76	9491.57
304	2026.04.17 16:10	close	152	0.08	4863.06	0.00	0.00	552.61	10044.18
305	2026.04.17 16:10	close	151	0.04	4863.06	0.00	0.00	213.22	10257.41
306	2026.04.17 16:10	close	150	0.04	4863.06	0.00	0.00	177.94	10435.35
307	2026.04.17 16:10	close	154	0.12	4863.63	0.00	0.00	-1004.04	9431.31
308	2026.04.17 16:10	close	143	0.08	4863.63	0.00	0.00	-746.82	8684.49
309	2026.04.17 16:10	close	141	0.04	4863.63	0.00	0.00	-578.74	8105.75
310	2026.04.17 16:10	close	140	0.04	4863.63	0.00	0.00	-611.18	7494.56
311	2026.04.20 12:00	buy	156	0.04	4796.66	0.00	0.00	0.00	7494.56
312	2026.04.20 12:50	buy	157	0.04	4795.75	0.00	0.00	0.00	7494.56
313	2026.04.20 14:50	buy	158	0.08	4802.22	0.00	0.00	0.00	7494.56
314	2026.04.20 14:50	close	158	0.08	4801.65	0.00	0.00	-4.56	7490.00
315	2026.04.20 14:50	close	157	0.04	4801.65	0.00	0.00	23.60	7513.60
316	2026.04.20 14:50	close	156	0.04	4801.65	0.00	0.00	19.96	7533.56
317	2026.04.21 09:00	sell	159	0.05	4783.97	0.00	0.00	0.00	7533.56
318	2026.04.21 10:45	buy	160	0.05	4786.94	0.00	0.00	0.00	7533.56
319	2026.04.21 11:15	sell	161	0.05	4775.73	0.00	0.00	0.00	7533.56
320	2026.04.21 11:15	close	161	0.05	4776.30	0.00	0.00	-2.85	7530.71
321	2026.04.21 11:15	close	159	0.05	4776.30	0.00	0.00	38.35	7569.06
322	2026.04.21 11:40	buy	162	0.05	4788.81	0.00	0.00	0.00	7569.06
323	2026.04.21 11:40	close	162	0.05	4788.24	0.00	0.00	-2.85	7566.21
324	2026.04.21 11:40	close	160	0.05	4788.24	0.00	0.00	6.50	7572.71
325	2026.04.21 13:55	buy	163	0.05	4790.48	0.00	0.00	0.00	7572.71
326	2026.04.21 15:30	sell	164	0.05	4780.54	0.00	0.00	0.00	7572.71
327	2026.04.21 16:40	buy	165	0.05	4786.49	0.00	0.00	0.00	7572.71
328	2026.04.21 17:35	sell	166	0.05	4768.11	0.00	0.00	0.00	7572.71
329	2026.04.21 17:35	close	166	0.05	4768.68	0.00	0.00	-2.85	7569.86
330	2026.04.21 17:35	close	164	0.05	4768.68	0.00	0.00	59.30	7629.16
331	2026.04.21 22:45	sell	167	0.05	4671.89	0.00	0.00	0.00	7629.16
332	2026.04.22 10:45	sell	168	0.05	4763.74	0.00	0.00	0.00	7629.16
333	2026.04.22 13:05	sell	169	0.10	4748.78	0.00	0.00	0.00	7629.16
334	2026.04.22 14:45	sell	170	0.15	4748.52	0.00	0.00	0.00	7629.16
335	2026.04.22 17:35	sell	171	0.25	4735.96	0.00	0.00	0.00	7629.16
336	2026.04.22 17:35	close	171	0.25	4736.53	0.00	0.00	-14.25	7614.91
337	2026.04.22 17:35	close	170	0.15	4736.53	0.00	0.00	179.85	7794.76
338	2026.04.22 17:35	close	169	0.10	4736.53	0.00	0.00	122.50	7917.26
339	2026.04.22 17:35	close	168	0.05	4736.53	0.00	0.00	136.05	8053.31
340	2026.04.22 17:35	close	167	0.05	4736.53	0.00	0.00	-322.66	7730.65
341	2026.04.22 21:30	sell	172	0.05	4730.20	0.00	0.00	0.00	7730.65
342	2026.04.23 10:25	sell	173	0.05	4705.32	0.00	0.00	0.00	7730.65
343	2026.04.23 10:25	close	173	0.05	4705.89	0.00	0.00	-2.85	7727.80
344	2026.04.23 10:25	close	172	0.05	4705.89	0.00	0.00	123.16	7850.96
345	2026.04.23 11:40	sell	174	0.05	4707.55	0.00	0.00	0.00	7850.96
346	2026.04.23 16:30	sell	175	0.05	4727.25	0.00	0.00	0.00	7850.96
347	2026.04.23 18:45	sell	176	0.10	4727.97	0.00	0.00	0.00	7850.96
348	2026.04.23 20:10	sell	177	0.15	4710.44	0.00	0.00	0.00	7850.96
349	2026.04.23 20:10	close	177	0.15	4711.01	0.00	0.00	-8.55	7842.41
350	2026.04.23 20:10	close	176	0.10	4711.01	0.00	0.00	169.60	8012.01
351	2026.04.23 20:10	close	175	0.05	4711.01	0.00	0.00	81.20	8093.21
352	2026.04.23 20:10	close	174	0.05	4711.01	0.00	0.00	-17.30	8075.91
353	2026.04.23 22:20	sell	178	0.05	4698.98	0.00	0.00	0.00	8075.91
354	2026.04.24 09:25	sell	179	0.05	4673.83	0.00	0.00	0.00	8075.91
355	2026.04.24 09:25	close	179	0.05	4674.40	0.00	0.00	-2.85	8073.06
356	2026.04.24 09:25	close	178	0.05	4674.40	0.00	0.00	123.44	8196.50
357	2026.04.24 12:25	sell	180	0.05	4686.34	0.00	0.00	0.00	8196.50
358	2026.04.24 15:45	sell	181	0.05	4698.76	0.00	0.00	0.00	8196.50
359	2026.04.24 18:35	sell	182	0.10	4718.13	0.00	0.00	0.00	8196.50
360	2026.04.24 20:35	sell	183	0.15	4720.77	0.00	0.00	0.00	8196.50
361	2026.04.27 11:06	sell	184	0.25	4711.46	0.00	0.00	0.00	8196.50
362	2026.04.27 16:39	close	165	0.05	4689.64	0.00	0.00	-512.27	7684.23
363	2026.04.27 16:39	close	163	0.05	4689.64	0.00	0.00	-532.22	7152.01
364	2026.04.27 16:39	close	184	0.25	4690.21	0.00	0.00	531.25	7683.26
365	2026.04.27 16:39	close	183	0.15	4690.21	0.00	0.00	460.01	8143.27
366	2026.04.27 16:39	close	182	0.10	4690.21	0.00	0.00	280.27	8423.55
367	2026.04.27 16:39	close	181	0.05	4690.21	0.00	0.00	43.29	8466.84
368	2026.04.27 16:39	close	180	0.05	4690.21	0.00	0.00	-18.81	8448.02
369	2026.04.28 09:20	sell	185	0.05	4631.85	0.00	0.00	0.00	8448.02
370	2026.04.28 10:35	sell	186	0.05	4626.50	0.00	0.00	0.00	8448.02
371	2026.04.28 10:35	close	186	0.05	4627.07	0.00	0.00	-2.85	8445.17
372	2026.04.28 10:35	close	185	0.05	4627.07	0.00	0.00	23.90	8469.07
373	2026.04.28 12:25	sell	187	0.05	4616.04	0.00	0.00	0.00	8469.07
374	2026.04.28 14:42	close	187	0.05	4574.47	0.00	0.00	207.85	8676.92
375	2026.04.29 19:50	sell	188	0.05	4546.07	0.00	0.00	0.00	8676.92
376	2026.04.30 14:35	sell	189	0.05	4629.95	0.00	0.00	0.00	8676.92
377	2026.05.01 11:32	close	189	0.05	4569.63	0.00	0.00	302.14	8979.06
378	2026.05.01 11:32	close	188	0.05	4569.63	0.00	0.00	-115.65	8863.41
379	2026.05.01 20:29	sell	190	0.05	4634.17	0.00	0.00	0.00	8863.41
380	2026.05.01 22:40	sell	191	0.05	4617.09	0.00	0.00	0.00	8863.41
381	2026.05.01 22:40	close	191	0.05	4617.66	0.00	0.00	-2.85	8860.56
382	2026.05.01 22:40	close	190	0.05	4617.66	0.00	0.00	82.55	8943.11
383	2026.05.04 13:02	sell	192	0.05	4568.73	0.00	0.00	0.00	8943.11
384	2026.05.04 13:24	close	192	0.05	4532.47	0.00	0.00	181.30	9124.41
385	2026.05.04 18:10	sell	193	0.06	4557.84	0.00	0.00	0.00	9124.41
386	2026.05.04 19:09	close	193	0.06	4512.29	0.00	0.00	273.30	9397.71
387	2026.05.04 21:25	sell	194	0.06	4514.06	0.00	0.00	0.00	9397.71
388	2026.05.05 09:25	sell	195	0.06	4534.99	0.00	0.00	0.00	9397.71
389	2026.05.07 12:45	buy	196	0.06	4738.53	0.00	0.00	0.00	9397.71
390	2026.05.07 16:35	buy	197	0.06	4756.21	0.00	0.00	0.00	9397.71
391	2026.05.07 16:35	close	197	0.06	4755.64	0.00	0.00	-3.42	9394.29
392	2026.05.07 16:35	close	196	0.06	4755.64	0.00	0.00	102.66	9496.95
393	2026.05.07 17:57	close	195	0.06	4762.45	0.00	0.00	-1362.18	8134.77
394	2026.05.07 17:57	close	194	0.06	4762.45	0.00	0.00	-1487.12	6647.65
395	2026.05.08 10:15	sell	198	0.04	4715.16	0.00	0.00	0.00	6647.65
396	2026.05.08 12:50	sell	199	0.04	4710.32	0.00	0.00	0.00	6647.65
397	2026.05.08 12:50	close	199	0.04	4710.89	0.00	0.00	-2.28	6645.37
398	2026.05.08 12:50	close	198	0.04	4710.89	0.00	0.00	17.08	6662.45
399	2026.05.08 15:36	buy	200	0.04	4727.25	0.00	0.00	0.00	6662.45
400	2026.05.08 17:30	sell	201	0.04	4717.91	0.00	0.00	0.00	6662.45
401	2026.05.11 10:50	sell	202	0.04	4667.28	0.00	0.00	0.00	6662.45
402	2026.05.11 10:50	close	202	0.04	4667.85	0.00	0.00	-2.28	6660.17
403	2026.05.11 10:50	close	201	0.04	4667.85	0.00	0.00	200.67	6860.84
404	2026.05.11 12:00	sell	203	0.04	4667.42	0.00	0.00	0.00	6860.84
405	2026.05.11 17:35	sell	204	0.04	4721.27	0.00	0.00	0.00	6860.84
406	2026.05.11 18:25	buy	205	0.04	4737.28	0.00	0.00	0.00	6860.84
407	2026.05.11 18:25	close	205	0.04	4736.71	0.00	0.00	-2.28	6858.56
408	2026.05.11 18:25	close	200	0.04	4736.71	0.00	0.00	34.10	6892.66
409	2026.05.12 13:35	sell	206	0.08	4693.84	0.00	0.00	0.00	6892.66
410	2026.05.12 15:35	sell	207	0.12	4692.61	0.00	0.00	0.00	6892.66
411	2026.05.12 15:35	close	207	0.12	4693.18	0.00	0.00	-6.84	6885.82
412	2026.05.12 15:35	close	206	0.08	4693.18	0.00	0.00	5.28	6891.10
413	2026.05.12 15:35	close	204	0.04	4693.18	0.00	0.00	112.79	7003.89
414	2026.05.12 15:35	close	203	0.04	4693.18	0.00	0.00	-102.61	6901.28
415	2026.05.13 10:05	sell	208	0.04	4700.78	0.00	0.00	0.00	6901.28
416	2026.05.13 14:05	sell	209	0.04	4692.98	0.00	0.00	0.00	6901.28
417	2026.05.13 14:05	close	209	0.04	4693.55	0.00	0.00	-2.28	6899.00
418	2026.05.13 14:05	close	208	0.04	4693.55	0.00	0.00	28.92	6927.92
419	2026.05.13 15:15	sell	210	0.04	4693.78	0.00	0.00	0.00	6927.92
420	2026.05.13 20:00	sell	211	0.04	4695.51	0.00	0.00	0.00	6927.92
421	2026.05.14 07:01	close	211	0.04	4672.80	0.00	0.00	92.13	7020.05
422	2026.05.14 07:01	close	210	0.04	4672.80	0.00	0.00	85.21	7105.26
423	2026.05.14 09:00	sell	212	0.04	4689.11	0.00	0.00	0.00	7105.26
424	2026.05.14 11:00	sell	213	0.04	4692.73	0.00	0.00	0.00	7105.26
425	2026.05.14 14:25	sell	214	0.08	4690.33	0.00	0.00	0.00	7105.26
426	2026.05.14 16:22	sell	215	0.12	4690.05	0.00	0.00	0.00	7105.26
427	2026.05.14 16:31	close	215	0.12	4683.35	0.00	0.00	80.40	7185.66
428	2026.05.14 16:31	close	214	0.08	4683.35	0.00	0.00	55.84	7241.50
429	2026.05.14 16:31	close	213	0.04	4683.35	0.00	0.00	37.52	7279.02
430	2026.05.14 16:31	close	212	0.04	4683.35	0.00	0.00	23.04	7302.06
431	2026.05.15 10:55	sell	216	0.04	4570.43	0.00	0.00	0.00	7302.06
432	2026.05.15 14:40	sell	217	0.04	4554.03	0.00	0.00	0.00	7302.06
433	2026.05.15 14:40	close	217	0.04	4554.60	0.00	0.00	-2.28	7299.78
434	2026.05.15 14:40	close	216	0.04	4554.60	0.00	0.00	63.32	7363.10
435	2026.05.15 16:40	sell	218	0.04	4528.46	0.00	0.00	0.00	7363.10
436	2026.05.15 18:40	sell	219	0.04	4542.06	0.00	0.00	0.00	7363.10
437	2026.05.18 03:33	close	219	0.04	4504.47	0.00	0.00	150.79	7513.89
438	2026.05.18 03:33	close	218	0.04	4504.47	0.00	0.00	96.39	7610.28
439	2026.05.18 19:30	sell	220	0.05	4536.95	0.00	0.00	0.00	7610.28
440	2026.05.18 21:05	sell	221	0.05	4545.65	0.00	0.00	0.00	7610.28
441	2026.05.19 15:00	sell	222	0.10	4530.54	0.00	0.00	0.00	7610.28
442	2026.05.19 15:00	close	222	0.10	4531.11	0.00	0.00	-5.70	7604.58
443	2026.05.19 15:00	close	221	0.05	4531.11	0.00	0.00	73.24	7677.81
444	2026.05.19 15:00	close	220	0.05	4531.11	0.00	0.00	29.74	7707.55
445	2026.05.19 20:51	sell	223	0.05	4500.10	0.00	0.00	0.00	7707.55
446	2026.05.20 04:37	close	223	0.05	4462.58	0.00	0.00	188.14	7895.69
447	2026.05.21 12:45	sell	224	0.05	4529.76	0.00	0.00	0.00	7895.69
448	2026.05.21 15:25	sell	225	0.05	4506.66	0.00	0.00	0.00	7895.69
449	2026.05.21 15:25	close	225	0.05	4507.23	0.00	0.00	-2.85	7892.84
450	2026.05.21 15:25	close	224	0.05	4507.23	0.00	0.00	112.65	8005.49
451	2026.05.21 21:50	sell	226	0.05	4538.26	0.00	0.00	0.00	8005.49
452	2026.05.22 09:00	sell	227	0.05	4510.96	0.00	0.00	0.00	8005.49
453	2026.05.22 09:00	close	227	0.05	4511.53	0.00	0.00	-2.85	8002.64
454	2026.05.22 09:00	close	226	0.05	4511.53	0.00	0.00	134.19	8136.83
455	2026.05.22 13:35	sell	228	0.05	4518.81	0.00	0.00	0.00	8136.83
456	2026.05.22 15:40	sell	229	0.05	4517.61	0.00	0.00	0.00	8136.83
457	2026.05.22 16:40	sell	230	0.10	4517.63	0.00	0.00	0.00	8136.83
458	2026.05.22 17:00	close	230	0.10	4508.07	0.00	0.00	95.60	8232.43
459	2026.05.22 17:00	close	229	0.05	4508.07	0.00	0.00	47.70	8280.13
460	2026.05.22 17:00	close	228	0.05	4508.07	0.00	0.00	53.70	8333.83
461	2026.05.22 19:45	sell	231	0.05	4514.76	0.00	0.00	0.00	8333.83
462	2026.05.22 21:05	sell	232	0.05	4515.49	0.00	0.00	0.00	8333.83
463	2026.05.26 17:10	sell	233	0.10	4514.74	0.00	0.00	0.00	8333.83
464	2026.05.26 18:25	close	233	0.10	4506.89	0.00	0.00	78.50	8412.33
465	2026.05.26 18:25	close	232	0.05	4506.89	0.00	0.00	44.07	8456.40
466	2026.05.26 18:25	close	231	0.05	4506.89	0.00	0.00	40.42	8496.82
467	2026.05.27 16:05	sell	234	0.05	4432.01	0.00	0.00	0.00	8496.82
468	2026.05.27 18:20	sell	235	0.05	4430.77	0.00	0.00	0.00	8496.82
469	2026.05.27 18:20	close	235	0.05	4431.34	0.00	0.00	-2.85	8493.97
470	2026.05.27 18:20	close	234	0.05	4431.34	0.00	0.00	3.35	8497.32
471	2026.05.28 21:35	sell	236	0.05	4501.86	0.00	0.00	0.00	8497.32
472	2026.05.29 10:25	sell	237	0.05	4511.59	0.00	0.00	0.00	8497.32
473	2026.06.01 09:22	sell	238	0.10	4506.24	0.00	0.00	0.00	8497.32
474	2026.06.01 10:47	close	238	0.10	4497.41	0.00	0.00	88.30	8585.62
475	2026.06.01 10:47	close	237	0.05	4497.41	0.00	0.00	71.44	8657.06
476	2026.06.01 10:47	close	236	0.05	4497.41	0.00	0.00	23.32	8680.38
477	2026.06.01 12:35	sell	239	0.05	4490.66	0.00	0.00	0.00	8680.38
478	2026.06.01 15:35	sell	240	0.05	4500.87	0.00	0.00	0.00	8680.38
479	2026.06.01 16:12	close	240	0.05	4475.87	0.00	0.00	125.00	8805.38
480	2026.06.01 16:12	close	239	0.05	4475.87	0.00	0.00	73.95	8879.33
481	2026.06.02 10:55	sell	241	0.05	4530.58	0.00	0.00	0.00	8879.33
482	2026.06.02 14:45	sell	242	0.05	4526.69	0.00	0.00	0.00	8879.33
483	2026.06.02 14:45	close	242	0.05	4527.26	0.00	0.00	-2.85	8876.48
484	2026.06.02 14:45	close	241	0.05	4527.26	0.00	0.00	16.60	8893.08
485	2026.06.03 10:30	sell	243	0.05	4455.94	0.00	0.00	0.00	8893.08
486	2026.06.03 15:15	sell	244	0.05	4458.56	0.00	0.00	0.00	8893.08
487	2026.06.03 16:25	sell	245	0.10	4450.00	0.00	0.00	0.00	8893.08
488	2026.06.03 16:25	close	245	0.10	4450.57	0.00	0.00	-5.70	8887.38
489	2026.06.03 16:25	close	244	0.05	4450.57	0.00	0.00	39.95	8927.33
490	2026.06.03 16:25	close	243	0.05	4450.57	0.00	0.00	26.85	8954.18
491	2026.06.03 18:20	sell	246	0.05	4445.54	0.00	0.00	0.00	8954.18
492	2026.06.03 20:55	sell	247	0.05	4437.81	0.00	0.00	0.00	8954.18
493	2026.06.03 20:55	close	247	0.05	4438.38	0.00	0.00	-2.85	8951.33
494	2026.06.03 20:55	close	246	0.05	4438.38	0.00	0.00	35.80	8987.13
495	2026.06.04 16:55	sell	248	0.05	4498.57	0.00	0.00	0.00	8987.13
496	2026.06.04 17:54	close	248	0.05	4463.73	0.00	0.00	174.20	9161.33
497	2026.06.04 20:15	sell	249	0.06	4475.90	0.00	0.00	0.00	9161.33
498	2026.06.05 09:00	sell	250	0.06	4439.81	0.00	0.00	0.00	9161.33
499	2026.06.05 09:00	close	250	0.06	4440.38	0.00	0.00	-3.42	9157.91
500	2026.06.05 09:00	close	249	0.06	4440.38	0.00	0.00	213.76	9371.68
501	2026.06.05 21:10	sell	251	0.06	4329.78	0.00	0.00	0.00	9371.68
502	2026.06.08 08:38	close	251	0.06	4276.52	0.00	0.00	320.20	9691.88
503	2026.06.08 20:20	sell	252	0.06	4338.15	0.00	0.00	0.00	9691.88
504	2026.06.08 21:50	sell	253	0.06	4334.46	0.00	0.00	0.00	9691.88
505	2026.06.08 21:50	close	253	0.06	4335.03	0.00	0.00	-3.42	9688.46
506	2026.06.08 21:50	close	252	0.06	4335.03	0.00	0.00	18.72	9707.18
507	2026.06.09 09:35	sell	254	0.06	4333.69	0.00	0.00	0.00	9707.18
508	2026.06.09 12:35	sell	255	0.06	4326.31	0.00	0.00	0.00	9707.18
509	2026.06.09 12:35	close	255	0.06	4326.88	0.00	0.00	-3.42	9703.76
510	2026.06.09 12:35	close	254	0.06	4326.88	0.00	0.00	40.86	9744.62
511	2026.06.09 15:30	sell	256	0.06	4335.48	0.00	0.00	0.00	9744.62
512	2026.06.09 17:50	close	256	0.06	4286.52	0.00	0.00	293.76	10038.38
513	2026.06.09 22:15	sell	257	0.06	4258.54	0.00	0.00	0.00	10038.38
514	2026.06.10 02:53	close	257	0.06	4218.33	0.00	0.00	241.90	10280.29
515	2026.06.10 10:15	sell	258	0.06	4200.11	0.00	0.00	0.00	10280.29
516	2026.06.10 12:50	sell	259	0.06	4167.93	0.00	0.00	0.00	10280.29
517	2026.06.10 12:50	close	259	0.06	4168.50	0.00	0.00	-3.42	10276.87
518	2026.06.10 12:50	close	258	0.06	4168.50	0.00	0.00	189.66	10466.53
519	2026.06.10 14:05	sell	260	0.06	4160.87	0.00	0.00	0.00	10466.53
520	2026.06.10 17:50	sell	261	0.06	4140.75	0.00	0.00	0.00	10466.53
521	2026.06.10 17:50	close	261	0.06	4141.32	0.00	0.00	-3.42	10463.11
522	2026.06.10 20:20	sell	262	0.07	4113.55	0.00	0.00	0.00	10463.11
523	2026.06.10 23:21	close	262	0.07	4076.18	0.00	0.00	261.59	10842.00
524	2026.06.11 11:35	sell	263	0.07	4095.17	0.00	0.00	0.00	10842.00
525	2026.06.11 14:15	sell	264	0.07	4085.98	0.00	0.00	0.00	10842.00
526	2026.06.11 14:15	close	264	0.07	4086.55	0.00	0.00	-3.99	10838.01
527	2026.06.11 17:10	sell	265	0.07	4062.39	0.00	0.00	0.00	10898.35
528	2026.06.11 19:30	sell	266	0.07	4079.47	0.00	0.00	0.00	10898.35
529	2026.06.15 14:30	close	266	0.07	4346.77	0.00	0.00	-1869.60	9028.75
530	2026.06.15 14:30	close	265	0.07	4346.77	0.00	0.00	-1989.16	7039.59
531	2026.06.16 16:20	sell	267	0.04	4339.18	0.00	0.00	0.00	7039.59
532	2026.06.16 20:20	sell	268	0.04	4331.11	0.00	0.00	0.00	7039.59
533	2026.06.16 20:20	close	268	0.04	4331.68	0.00	0.00	-2.28	7037.31
534	2026.06.17 11:00	sell	269	0.04	4324.91	0.00	0.00	0.00	7067.31
535	2026.06.17 14:25	sell	270	0.04	4328.88	0.00	0.00	0.00	7067.31
536	2026.06.17 21:05	sell	271	0.08	4316.26	0.00	0.00	0.00	7067.31
537	2026.06.17 21:05	close	271	0.08	4316.83	0.00	0.00	-4.56	7062.75
538	2026.06.17 21:05	close	270	0.04	4316.83	0.00	0.00	48.20	7110.95
539	2026.06.17 21:05	close	269	0.04	4316.83	0.00	0.00	32.32	7143.27
540	2026.06.18 15:40	sell	272	0.04	4242.43	0.00	0.00	0.00	7143.27
541	2026.06.18 17:05	sell	273	0.04	4247.35	0.00	0.00	0.00	7143.27
542	2026.06.18 19:37	close	273	0.04	4219.28	0.00	0.00	112.28	7255.55
543	2026.06.18 19:37	close	272	0.04	4219.28	0.00	0.00	92.60	7348.15
544	2026.06.19 17:00	sell	274	0.04	4151.25	0.00	0.00	0.00	7348.15
545	2026.06.19 19:15	sell	275	0.04	4145.14	0.00	0.00	0.00	7348.15
546	2026.06.19 19:15	close	275	0.04	4145.71	0.00	0.00	-2.28	7345.87
547	2026.06.19 19:15	close	274	0.04	4145.71	0.00	0.00	22.16	7368.03
